48,29
48,28
48,27
48,26
48,25
48,24
48,23
48,22
48,21
48,20
48,19
48,18
48,17
48,16
48,15
48,14
48,13
48,12
48,11
48,10
48,9
48,8
48,7
48,6
48,5
48,4
48,3
48,2
48,1
48,0
47,184
47,183
47,182
47,181
47,180
47,179
47,178
47,177
47,176
47,175
47,174
47,173
47,172
47,171
47,170
47,169
47,168
47,167
47,166
47,165
47,164
47,163
47,162
47,161
47,160
47,159
47,158
47,157
47,156
47,155
47,154
47,153
47,152
47,151
47,150
47,149
47,148
47,147
47,146
47,145
47,144
47,143
47,142
47,141
47,140
47,139
47,138
47,137
47,136
47,135
47,134
47,133
47,132
47,131
47,130
47,129
47,128
47,127
47,126
47,125
47,124
47,123
47,122
47,121
47,120
47,119
47,118
47,117
47,116
47,115
47,114
47,113
47,112
47,111
47,110
47,109
47,108
47,107
47,106
47,105
47,104
47,103
47,102
47,101
47,100
47,99
47,98
47,97
47,96
47,95
47,94
47,93
47,92
47,91
47,90
47,89
47,88
47,87
47,86
47,85
47,84
47,83
47,82
47,81
47,80
47,79
47,78
47,77
47,76
47,75
47,74
47,73
47,72
47,71
47,70
47,69
47,68
47,67
47,66
47,65
47,64
47,35
47,34
47,33
47,32
47,31
47,30
47,29
47,28
47,27
47,26
0,442
47,25
47,24
47,23
0,441
47,22
47,21
47,20
0,440
47,19
47,18
47,17
0,439
47,16
47,15
47,14
0,438
47,13
47,12
47,11
0,437
47,10
47,9
47,8
0,436
47,7
47,6
47,5
47,4
47,3
47,2
47,1
47,0
46,29
46,28
46,27
46,26
46,25
46,24
46,23
46,22
46,21
46,20
46,19
46,18
46,17
46,16
46,15
46,14
46,13
46,12
46,11
46,10
46,9
46,8
46,7
46,6
46,5
46,4
46,3
46,2
46,1
46,0
45,183
45,182
45,181
45,180
45,179
45,178
45,177
